## photon count events (100 x 100, numpy convention)
0 1 0 0 0 0 1 0 0 2 0 0 0 0 0 0 0 0 0 0 0 1 0 0 0 0 0 0 3 0 0 0 0 0 0 1 0 0 0 0 0 1 2 1 0 0 0 0 0 1 0 0 0 1 1 0 0 1 0 0 0 0 0 1 0 0 0 0 0 0 1 0 0 0 0 0 0 0 0 0 0 0 0 0 0 1 0 0 0 0 0 5 7 6 6 4 0 0 0 0
0 0 1 0 0 1 0 0 0 0 0 0 0 0 0 1 0 0 0 0 0 0 0 0 0 1 1 0 0 2 0 1 0 0 0 2 0 0 0 2 0 0 0 1 0 0 0 0 0 0 0 0 0 0 0 0 0 0 1 0 0 0 0 0 1 1 0 0 0 0 0 0 0 0 0 0 2 0 0 1 2 0 0 0 0 0 0 1 0 0 0 1 6 12 2 2 0 0 0 1
0 0 0 0 0 0 0 0 0 0 0 1 0 1 0 0 0 2 0 0 0 0 0 1 0 2 0 0 0 0 1 0 0 0 1 0 0 0 0 0 0 0 0 0 0 0 0 0 1 0 0 0 0 0 1 0 0 0 0 1 2 0 0 0 0 0 0 0 1 0 0 0 0 0 1 0 0 0 0 0 1 0 0 0 1 0 0 0 0 1 1 1 0 1 3 1 0 0 0 0
1 0 0 0 0 0 1 0 0 1 0 0 0 0 1 0 0 1 0 3 0 0 1 0 1 0 0 0 0 0 0 0 1 1 0 1 1 1 1 1 0 1 0 0 0 0 0 1 0 2 0 0 0 0 0 0 0 2 0 0 1 0 1 1 0 0 2 0 0 0 1 0 0 1 1 0 0 0 1 2 0 1 0 0 0 1 0 0 0 0 0 0 0 1 1 0 1 0 0 0
0 0 0 0 0 0 0 0 0 1 1 1 2 1 0 0 1 0 0 0 0 0 0 0 0 0 0 0 1 0 0 0 0 0 0 0 0 0 0 0 0 0 0 0 1 0 2 0 1 0 0 0 0 0 0 0 0 0 0 0 1 0 0 0 0 0 0 0 0 0 0 0 0 1 0 0 0 0 0 0 0 0 0 0 0 0 0 0 1 0 0 0 0 0 0 0 0 1 0 0
1 0 2 0 0 0 1 0 0 1 1 1 0 1 0 0 0 0 0 0 0 0 1 1 1 0 0 0 0 3 2 0 1 1 1 0 0 1 0 0 1 1 0 0 0 0 0 0 1 0 1 0 1 0 0 1 0 1 0 0 0 0 0 0 1 0 1 1 0 1 0 0 0 0 0 0 0 0 0 1 0 0 1 0 0 0 0 1 0 0 1 0 0 0 0 0 2 0 2 2
0 0 0 0 1 0 0 0 1 0 2 1 1 2 0 0 0 0 0 1 0 0 1 0 0 1 1 0 0 0 0 0 1 0 1 1 4 2 0 1 0 0 0 0 0 0 1 0 0 0 0 0 1 0 0 0 0 1 0 0 0 0 0 0 2 0 0 0 0 0 0 0 0 0 1 0 1 1 0 0 0 0 0 0 0 0 1 0 0 0 1 0 0 0 0 1 0 0 1 0
0 0 0 1 0 0 0 0 1 3 9 7 7 4 2 1 5 2 3 2 2 5 4 2 0 3 3 3 0 1 5 3 5 1 9 18 17 19 13 5 4 1 1 1 1 4 3 1 1 2 1 0 5 0 1 1 1 0 1 2 2 2 7 3 2 1 2 3 1 2 3 3 2 2 1 0 1 1 4 1 0 0 1 1 0 2 0 2 0 2 1 2 1 0 1 1 0 0 0 0
1 1 1 1 1 0 0 1 2 2 2 5 2 5 1 2 3 0 2 1 0 1 3 1 2 1 5 1 5 1 0 1 3 5 11 20 40 38 18 3 4 3 2 3 2 2 2 3 1 2 0 0 1 2 0 0 1 2 2 0 0 4 2 1 1 1 0 2 1 0 2 4 2 0 1 0 2 2 0 4 2 0 3 1 1 2 1 2 2 0 3 1 0 1 0 0 0 0 0 0
0 0 0 0 0 0 0 0 3 0 2 5 1 1 3 0 2 1 1 2 2 1 1 1 1 3 2 5 2 3 3 1 3 3 12 17 32 24 10 3 3 0 2 1 0 1 2 3 3 3 0 1 1 1 2 3 1 5 0 1 3 1 1 8 11 2 5 5 2 1 0 0 4 2 1 2 0 2 1 2 0 0 0 0 1 3 0 1 1 1 0 0 1 2 0 0 0 0 0 0
0 0 0 0 3 0 0 0 1 1 2 2 5 1 1 5 1 1 3 0 1 0 0 3 3 1 3 0 4 1 4 5 3 3 6 9 22 14 8 1 3 5 5 1 3 2 3 3 1 3 0 0 3 4 2 3 3 2 3 2 0 5 9 28 37 39 13 3 3 1 0 0 2 2 3 2 0 0 2 2 1 3 0 0 0 0 1 0 1 1 1 0 1 1 0 1 0 1 1 0
0 0 1 0 0 0 0 1 1 1 2 1 2 2 2 4 2 3 2 1 2 4 2 0 4 5 3 5 5 2 3 2 7 2 1 4 6 5 2 2 1 4 4 3 2 4 1 0 7 3 0 0 4 1 4 3 4 1 2 1 2 3 37 66 106 48 34 7 2 4 1 4 3 1 2 4 0 1 1 0 0 2 0 1 0 1 0 0 0 0 0 2 0 1 0 0 0 0 0 1
0 1 0 1 3 3 0 1 1 3 2 3 6 7 2 4 3 6 8 5 3 1 3 5 5 3 1 1 4 9 4 5 2 5 8 3 8 8 5 10 5 5 5 5 4 3 8 3 6 4 1 1 6 6 5 7 4 3 0 1 4 10 72 160 265 163 74 7 4 7 3 5 2 6 4 3 3 3 1 2 2 1 2 1 3 3 1 0 2 0 0 0 1 0 0 0 0 0 1 0
1 0 1 1 0 1 2 6 2 4 5 5 1 5 3 4 2 5 8 4 9 4 2 0 4 4 2 5 9 4 4 1 8 8 4 1 9 4 2 4 3 8 10 3 3 2 6 10 10 5 4 3 6 3 7 1 3 5 2 3 7 7 76 109 174 107 48 10 5 3 3 6 4 7 0 4 4 0 1 4 1 3 1 2 0 1 1 0 1 2 5 0 2 1 0 1 0 0 0 1
0 0 1 2 2 2 0 1 1 4 2 1 5 4 7 5 7 3 3 0 4 1 3 4 4 6 5 3 5 1 5 1 9 7 5 6 4 5 3 9 5 11 4 4 5 4 5 6 3 3 0 4 6 7 2 1 5 5 9 6 7 10 29 46 77 62 28 11 2 5 5 4 4 5 2 2 1 5 3 1 2 2 2 0 1 2 2 1 1 1 1 1 2 2 0 0 2 0 0 0
0 0 2 1 2 0 1 3 4 3 6 3 5 3 0 6 3 3 4 6 1 6 2 2 2 4 5 5 2 3 11 2 6 5 3 5 9 1 9 4 7 10 2 5 2 2 4 8 3 7 3 1 7 6 7 5 7 5 4 5 11 8 8 9 13 9 9 4 4 4 1 4 6 1 2 1 2 4 4 0 3 3 3 2 2 2 3 0 0 0 1 0 0 0 0 0 0 0 1 0
0 0 0 4 0 2 1 1 8 5 5 4 4 6 6 5 3 6 2 4 5 2 4 9 0 5 5 4 4 3 6 4 2 9 5 9 5 5 3 5 9 5 6 8 1 4 5 8 5 4 6 2 3 7 9 6 5 5 4 5 10 3 6 4 7 6 2 5 2 3 6 0 5 2 5 1 5 4 4 3 6 2 4 2 2 3 2 2 0 1 1 1 0 2 0 0 0 0 0 0
0 0 1 1 0 1 1 2 2 4 0 9 2 5 2 4 4 8 2 3 4 6 7 5 5 7 3 3 10 4 9 7 5 9 7 6 5 3 7 6 8 6 3 5 4 4 3 4 5 10 2 3 1 3 7 4 4 4 6 8 5 7 4 5 6 8 5 5 7 5 3 2 2 3 3 4 4 4 4 2 5 4 4 6 0 2 3 2 0 1 0 3 2 1 0 0 0 0 0 1
0 1 0 3 2 1 1 2 5 4 4 1 8 2 4 7 6 3 5 5 3 5 4 3 4 1 2 4 5 8 7 8 1 7 8 7 3 4 4 4 11 8 10 8 1 3 6 3 6 10 2 5 6 5 8 5 2 5 6 11 5 5 8 6 9 12 9 3 10 5 8 3 2 3 6 4 3 1 3 2 3 1 1 2 4 0 1 4 1 0 1 1 2 1 0 0 0 1 0 0
1 0 1 1 3 1 1 1 3 4 6 3 3 4 1 4 4 1 3 5 6 8 5 4 6 7 3 5 7 5 5 3 3 4 3 6 6 9 5 6 7 8 8 7 1 3 6 6 13 11 2 5 4 5 11 7 8 3 9 13 3 10 1 4 10 9 10 8 8 6 9 6 3 3 1 3 2 5 6 6 1 2 1 1 1 4 2 0 1 1 0 1 2 2 0 0 0 0 1 0
0 0 2 3 0 2 1 2 2 5 4 8 5 5 3 3 4 4 3 4 3 5 2 6 5 1 6 4 6 5 5 2 4 6 3 6 4 7 6 8 4 8 7 11 6 3 8 9 11 11 3 5 11 5 5 8 10 9 10 10 8 12 9 9 12 4 5 9 6 11 5 7 4 1 3 0 6 8 3 2 6 1 4 4 2 2 1 3 2 0 0 1 0 1 0 0 0 0 0 1
0 1 1 3 2 0 0 2 4 5 3 5 1 4 2 6 4 3 6 6 3 3 7 3 1 6 3 3 9 9 5 3 5 5 5 6 7 1 7 10 7 13 5 9 0 3 12 8 6 8 5 4 9 7 13 6 8 8 8 11 8 10 8 12 6 8 5 6 11 9 10 7 9 2 4 6 4 3 3 3 2 3 0 0 2 3 3 3 2 1 0 0 1 1 0 0 0 1 0 0
1 0 0 3 2 0 3 2 6 3 4 4 4 6 4 5 2 4 3 7 6 0 3 7 2 8 2 5 3 5 6 3 7 5 5 7 3 8 9 8 7 12 8 6 6 2 7 8 9 8 5 2 5 10 13 9 14 9 10 9 11 6 9 14 8 11 10 9 7 13 14 6 4 7 6 6 0 4 4 2 3 4 3 6 4 2 0 2 0 0 1 0 0 1 0 0 0 0 0 0
0 0 1 2 1 3 3 4 0 4 4 2 5 5 0 4 3 7 3 4 0 4 3 6 4 6 5 5 2 5 4 4 3 4 4 4 3 12 6 10 4 8 2 6 5 3 7 10 7 7 3 4 12 11 10 7 7 5 12 15 9 11 13 16 13 7 7 11 9 12 9 10 6 10 7 4 3 4 2 5 3 2 1 2 3 3 2 1 0 0 3 0 2 2 1 0 0 0 0 1
0 1 0 3 2 1 1 0 3 2 3 5 4 4 3 5 5 4 5 3 2 0 3 8 6 6 4 6 5 4 8 4 7 8 3 6 7 7 9 7 7 9 17 8 5 3 9 9 9 14 6 3 13 11 8 7 10 9 21 12 14 10 14 9 13 7 13 15 23 19 23 8 5 6 3 7 5 6 4 4 5 4 2 5 3 2 5 3 0 1 1 1 0 2 0 1 1 0 2 0
0 0 1 1 1 1 1 1 5 1 5 5 3 5 4 5 6 1 7 4 3 6 13 26 39 21 22 4 3 6 5 10 7 10 8 6 6 4 8 9 9 10 8 9 8 3 14 12 9 9 7 4 13 11 14 8 6 15 15 16 14 12 9 8 12 10 12 11 17 18 8 11 10 11 6 5 5 7 7 5 4 5 2 1 4 4 5 1 1 1 1 3 1 0 0 0 0 0 0 0
0 0 0 0 0 1 1 2 3 4 3 3 3 1 5 6 8 10 8 7 7 8 22 63 84 53 24 12 8 6 11 5 3 5 4 14 11 11 9 11 7 9 8 8 7 4 12 10 11 12 11 5 15 13 17 15 15 17 13 17 14 14 13 17 9 20 8 18 14 13 10 11 8 6 11 3 5 4 4 6 7 3 3 2 2 0 3 2 0 1 1 1 1 1 0 2 0 0 0 0
1 1 2 0 0 1 3 0 1 1 1 3 4 3 5 11 10 12 9 5 10 11 26 53 101 79 31 10 6 3 6 10 7 8 10 13 10 9 9 8 13 8 14 13 5 3 16 12 10 12 11 1 13 14 19 11 15 12 18 16 19 13 11 20 18 18 18 17 12 20 7 14 8 14 12 4 3 8 8 7 6 5 2 6 2 4 1 3 1 0 3 1 1 1 0 0 0 0 0 0
0 0 2 1 1 3 1 0 3 3 0 1 4 1 4 3 12 10 15 13 6 8 20 55 77 52 26 6 8 8 10 6 9 7 10 22 16 17 9 8 7 12 13 12 8 11 9 14 15 16 8 9 15 10 15 11 17 20 14 20 22 23 15 18 21 19 17 15 19 15 12 9 10 12 5 12 3 8 3 2 5 4 4 5 8 6 4 1 1 1 1 2 2 1 0 0 0 0 1 1
0 1 1 3 0 1 1 1 4 1 3 4 3 1 4 4 6 9 13 12 8 10 10 30 31 34 21 8 5 10 9 5 12 13 18 13 11 12 7 11 10 14 10 17 4 6 4 12 14 15 10 9 25 17 14 17 11 24 15 18 20 24 14 13 26 28 21 16 12 16 15 17 15 10 11 12 10 9 9 10 4 0 4 6 12 30 16 6 1 4 1 1 1 2 0 0 0 0 1 1
0 0 0 0 1 3 1 0 4 1 2 1 2 5 4 3 2 8 4 9 1 6 5 8 11 8 10 7 9 6 8 7 7 7 11 16 13 11 16 9 17 7 14 16 6 9 17 14 18 24 11 9 26 19 17 21 19 20 17 16 23 23 22 21 26 23 16 18 29 24 15 22 21 20 11 6 14 4 9 3 3 4 12 43 67 134 97 38 5 2 0 0 1 3 0 0 0 0 0 0
0 1 2 0 1 1 1 4 1 2 2 2 3 3 4 2 9 6 4 3 6 5 4 6 11 7 7 9 8 5 9 10 5 7 6 7 5 12 16 12 21 14 12 10 8 9 13 21 20 21 16 10 20 22 22 16 14 26 26 17 23 17 15 24 34 29 27 33 27 14 14 22 15 19 10 8 8 8 5 5 8 8 15 93 167 284 204 92 5 4 0 3 0 0 0 0 0 1 0 1
1 0 3 2 2 1 3 3 3 2 3 0 1 2 0 2 4 5 2 6 3 7 5 4 3 5 14 3 10 11 7 8 12 12 18 10 7 13 11 8 13 13 17 13 8 11 21 14 18 21 9 15 21 20 18 16 16 15 28 20 28 28 33 26 33 27 22 19 19 26 16 16 18 19 20 11 14 9 4 13 6 6 20 141 328 435 315 125 6 4 0 1 1 2 0 1 0 0 0 0
0 0 0 2 5 2 0 1 1 0 1 2 1 2 1 1 4 4 3 7 4 4 6 2 6 4 8 13 9 12 14 13 15 10 14 16 17 9 22 15 22 20 15 15 6 8 19 14 22 18 13 10 13 16 19 24 19 24 25 21 19 32 21 33 30 13 23 28 21 27 22 20 20 15 20 14 10 12 7 10 7 5 14 93 209 287 173 91 7 5 1 0 2 0 0 0 0 1 0 0
0 1 1 3 1 1 0 1 0 1 3 3 2 2 2 0 4 3 6 6 4 2 6 8 9 7 8 8 12 13 19 16 14 14 17 13 5 16 10 10 19 11 16 14 9 6 16 23 24 14 10 9 24 16 15 22 24 20 22 24 35 25 21 38 28 26 34 35 44 35 26 23 23 24 15 16 9 13 8 8 8 14 14 40 102 137 102 38 8 0 2 1 1 2 0 1 1 0 0 0
1 0 0 0 4 0 0 1 3 0 2 4 4 1 3 2 2 5 5 1 3 7 10 7 7 5 12 10 11 8 9 16 12 9 7 20 21 13 17 18 18 26 16 19 12 10 16 18 24 22 12 13 17 20 18 19 22 18 20 38 35 30 32 34 33 48 31 43 33 31 20 22 30 18 22 16 14 13 10 12 9 11 9 27 29 26 18 5 6 2 2 1 2 2 0 0 0 0 1 1
0 0 2 0 0 0 1 1 2 1 3 4 1 0 2 3 4 3 3 5 3 2 6 6 13 3 6 12 12 13 10 11 16 16 18 22 18 25 12 24 24 28 19 12 10 8 23 21 15 20 11 12 16 10 23 24 19 21 27 27 24 38 43 25 38 28 33 41 28 22 26 32 25 28 23 17 15 5 12 25 21 19 14 9 15 17 9 9 1 1 1 2 2 3 0 0 0 0 0 0
0 0 2 1 0 0 0 1 1 3 1 3 1 3 4 4 2 2 0 5 9 5 9 8 7 11 9 11 11 9 15 15 19 12 16 15 13 13 16 34 31 47 41 27 9 15 25 16 15 20 15 15 19 31 23 36 25 32 39 35 30 41 34 51 37 50 47 52 41 41 32 35 35 17 25 18 13 16 21 23 45 32 9 16 12 9 6 5 3 2 2 1 1 1 0 0 0 0 0 0
0 0 3 0 2 1 2 0 0 2 0 2 1 4 2 2 2 3 4 4 2 5 6 14 2 8 10 11 17 11 14 11 20 13 15 21 19 13 25 25 39 56 55 23 14 15 16 25 26 27 6 14 25 18 21 21 29 36 33 37 40 45 39 55 63 51 45 42 35 47 34 37 31 20 21 15 14 15 28 34 54 35 14 13 6 6 7 7 2 4 2 2 0 0 0 1 0 1 0 0
0 1 0 3 2 1 1 2 5 0 1 1 0 0 4 4 3 1 2 9 6 11 3 6 3 10 15 20 16 11 15 17 9 17 25 20 17 20 22 23 28 60 42 31 9 11 21 34 26 23 11 8 25 21 20 44 24 38 52 45 48 52 46 59 55 62 62 46 46 44 46 42 38 34 29 22 24 17 28 32 43 31 21 11 4 6 7 5 4 0 2 0 0 3 1 1 0 0 2 0
1 1 0 0 0 0 3 1 2 0 0 0 3 4 5 0 3 7 3 4 5 4 10 3 6 6 9 15 8 14 13 13 12 12 17 17 15 15 16 17 25 24 31 15 16 14 29 27 19 32 11 17 22 17 27 39 38 37 48 47 52 55 61 80 76 63 56 63 56 64 52 45 34 26 27 33 30 19 17 21 29 14 14 8 4 7 6 4 7 2 4 3 1 2 0 1 0 1 0 0
1 0 1 1 1 2 0 0 3 3 1 3 4 4 2 2 5 4 7 2 12 9 7 10 14 9 14 14 3 16 19 10 12 16 15 22 18 19 21 21 21 12 11 18 16 10 14 28 23 17 15 12 27 26 28 33 30 41 51 52 65 56 57 73 64 70 66 69 60 69 48 49 48 30 24 29 30 36 20 15 16 13 13 8 13 10 12 5 2 4 2 2 3 0 2 0 0 1 0 0
0 0 1 0 0 0 2 1 0 2 2 3 5 2 1 3 6 2 3 4 9 8 4 14 7 8 4 11 8 10 8 13 16 19 17 25 21 15 23 14 18 20 14 16 6 18 23 31 15 26 12 11 32 30 26 34 40 40 53 54 51 48 67 74 82 62 51 68 63 51 57 57 54 43 30 33 30 33 31 19 13 12 12 11 8 5 8 3 4 2 2 4 2 4 0 1 1 0 0 1
0 0 4 0 0 2 0 2 0 2 1 4 2 2 2 5 5 2 1 6 13 9 7 4 7 11 7 14 12 14 14 21 19 24 15 9 12 19 18 21 19 21 22 17 13 9 29 28 22 29 16 10 23 26 29 38 38 53 51 55 67 68 64 77 63 75 68 64 62 61 55 51 52 36 38 34 34 29 13 12 13 12 16 6 13 7 16 4 4 4 3 4 2 4 0 1 0 0 0 0
2 2 1 0 1 1 0 2 2 4 2 1 1 1 0 4 1 5 5 6 9 8 3 10 5 9 6 14 10 9 23 19 9 16 19 17 12 18 19 28 24 25 22 22 4 14 17 21 21 28 13 17 33 20 41 37 52 45 51 46 57 72 66 61 79 79 78 68 65 58 56 59 40 50 29 29 28 18 19 23 20 24 10 14 9 11 11 7 3 5 4 5 1 4 0 0 0 0 0 0
0 1 2 1 3 2 0 0 1 1 1 2 4 3 5 0 3 1 2 2 4 4 7 8 7 15 12 7 6 16 19 31 19 14 15 19 22 16 18 22 16 24 24 20 7 11 25 16 20 27 11 8 24 22 31 48 55 67 59 60 65 81 69 84 67 69 70 64 71 59 57 49 45 28 37 25 44 19 26 21 16 16 8 10 13 10 14 11 6 9 8 15 6 2 1 1 0 1 1 0
0 0 2 2 1 0 0 0 2 0 5 5 4 2 4 4 0 4 5 5 5 5 8 12 7 3 11 9 11 23 23 16 16 22 15 15 12 18 14 12 17 31 27 22 10 16 16 29 25 29 16 14 26 37 41 44 49 57 52 67 73 68 67 81 94 74 64 78 72 65 65 55 34 35 33 35 28 21 21 22 23 16 13 9 10 10 6 15 7 22 45 67 56 15 3 1 1 2 0 0
0 0 2 1 2 3 1 0 1 5 1 6 3 3 2 5 3 5 1 8 6 3 7 8 9 6 6 6 8 22 17 20 13 11 12 15 20 12 16 16 14 12 19 17 5 4 21 21 21 34 11 15 29 39 44 43 32 55 70 63 67 83 87 75 63 65 75 68 68 72 55 63 46 35 32 35 38 31 22 29 17 16 15 15 21 13 6 7 16 42 95 129 86 46 1 0 0 0 0 0
1 0 2 6 2 2 5 1 2 4 4 3 2 5 3 2 3 4 5 5 3 8 5 3 6 7 15 10 12 11 18 23 12 6 10 14 13 19 13 19 10 28 10 20 8 9 24 19 22 30 19 17 32 38 39 53 38 39 43 75 51 70 81 74 68 65 67 80 66 70 60 44 62 37 48 28 36 25 28 29 24 19 22 13 10 9 11 16 13 62 152 196 169 72 7 0 0 0 0 0
1 1 3 5 3 1 0 0 0 2 4 1 1 1 1 2 1 0 1 4 1 5 3 4 7 5 5 5 7 6 6 6 5 8 11 3 1 11 2 10 4 13 9 8 3 2 13 9 11 15 18 21 16 22 25 20 18 23 24 33 35 47 35 31 49 40 27 34 32 32 37 22 18 19 20 16 25 7 9 13 11 8 8 7 8 7 4 11 5 18 13 24 14 16 0 0 0 1 0 0
1 0 3 2 0 2 0 3 0 1 1 2 0 2 2 2 0 5 5 3 3 2 4 5 3 7 3 6 5 7 4 8 3 6 5 8 7 5 7 5 6 10 5 8 2 2 18 11 15 11 10 13 11 20 17 18 23 30 23 33 27 34 30 35 40 31 33 40 31 33 28 19 17 12 16 16 13 16 11 11 14 13 6 7 8 6 9 9 1 4 6 12 8 5 2 1 1 0 2 0
1 0 7 3 3 4 3 0 6 6 8 2 2 5 5 9 6 2 7 4 4 1 3 5 3 11 13 7 8 14 9 7 7 14 16 13 8 13 16 13 18 13 18 20 6 9 14 24 26 19 17 10 27 26 37 35 32 36 41 55 63 48 65 58 62 64 47 48 57 55 39 58 29 44 40 41 26 32 18 24 15 17 16 14 11 11 16 8 3 9 15 13 4 5 0 2 2 2 1 0
0 1 3 4 1 2 1 4 2 8 4 3 3 2 2 5 4 3 4 4 6 9 9 9 7 11 6 6 12 11 11 19 16 12 16 13 11 10 15 15 13 12 18 20 11 5 21 22 17 24 10 14 31 41 29 39 39 47 41 52 51 52 62 63 53 55 55 57 53 53 61 54 38 35 48 37 39 30 27 14 13 12 14 16 13 10 8 10 7 6 2 9 6 1 0 0 1 0 0 0
1 0 3 2 6 3 1 4 4 7 8 4 4 2 2 9 6 12 3 6 4 4 7 1 9 9 8 12 5 11 6 22 20 17 18 14 15 7 9 9 10 14 12 18 4 10 19 11 18 27 10 8 27 33 25 38 26 35 35 34 56 61 53 53 52 47 48 50 43 44 33 37 32 45 20 38 26 19 17 14 18 16 9 18 15 12 9 9 3 4 4 1 7 4 0 0 3 1 0 0
0 1 1 1 0 1 0 0 0 2 1 2 1 4 1 1 6 4 6 2 0 2 6 4 4 6 3 5 4 9 4 5 8 6 15 10 7 7 3 5 13 5 7 9 10 17 11 11 12 10 3 2 14 15 10 17 22 26 22 18 22 24 21 27 24 21 17 29 25 19 20 18 33 15 9 6 19 8 8 9 10 12 13 6 6 4 7 2 4 4 4 3 2 6 0 0 0 0 1 1
0 0 0 2 1 1 0 0 0 2 3 3 1 2 2 4 1 2 4 3 5 5 4 6 3 6 4 1 6 7 3 1 2 7 5 8 11 6 8 9 5 7 9 7 13 11 10 4 9 9 3 7 17 15 17 9 16 13 17 24 16 26 28 15 27 20 16 13 20 23 23 12 15 21 21 12 16 20 14 13 12 7 9 8 9 4 6 2 2 6 4 0 1 3 0 1 0 1 0 1
0 0 2 2 5 2 5 2 3 5 5 2 8 4 3 10 6 4 5 4 10 4 10 6 5 9 10 10 14 8 6 14 8 17 12 12 15 16 17 12 14 7 15 14 9 12 10 11 13 12 2 1 16 15 16 13 14 14 18 19 17 21 26 26 18 21 19 19 18 19 23 21 13 13 11 5 16 10 9 15 12 1 9 4 5 7 3 2 3 2 1 4 3 4 0 1 0 0 2 0
0 0 2 3 1 1 4 4 4 7 3 2 2 6 3 4 2 8 6 8 8 9 9 16 8 5 12 12 7 14 10 7 11 10 10 11 10 8 8 12 14 14 12 15 19 6 9 10 15 7 4 3 14 8 15 13 22 13 21 19 15 20 27 21 19 19 25 17 17 11 16 15 21 18 14 21 15 10 11 10 8 10 8 4 9 3 7 5 1 4 1 1 6 2 0 3 0 3 0 1
1 1 3 4 1 2 3 1 5 3 7 4 4 4 9 4 5 9 10 8 3 4 12 5 7 12 7 16 12 10 9 10 11 10 19 12 15 9 17 10 17 14 27 16 6 6 9 6 5 9 3 0 14 8 12 16 19 20 35 24 14 16 20 20 19 14 21 24 11 18 9 11 11 7 10 10 8 11 10 6 9 10 5 2 9 4 2 4 5 2 1 3 3 4 0 0 1 2 0 0
0 1 2 4 3 2 1 2 4 7 5 3 6 5 8 4 1 6 7 9 6 9 6 7 14 7 17 16 15 12 15 13 10 9 10 11 12 10 12 26 24 30 20 14 6 9 12 8 3 13 0 2 8 15 20 18 50 83 106 74 61 15 16 17 13 8 18 16 10 15 19 10 10 16 15 10 10 10 7 4 4 10 4 4 9 3 2 5 2 0 1 1 1 0 0 0 0 0 2 1
0 0 3 1 3 4 3 4 2 7 8 4 5 9 6 2 8 9 6 6 10 1 16 12 20 14 17 8 11 13 11 14 11 10 12 12 17 15 32 40 49 35 21 14 7 14 5 10 10 12 3 2 10 9 13 15 99 179 257 145 108 21 9 13 12 9 19 10 11 13 11 10 11 9 8 12 5 4 5 8 6 5 4 8 5 2 2 2 3 0 4 2 4 4 1 2 1 0 0 1
0 0 2 2 4 1 4 4 6 3 11 4 4 8 10 10 7 3 6 6 10 5 12 9 12 11 18 12 10 15 12 13 19 11 22 15 15 13 28 40 62 50 37 13 11 11 8 13 13 10 1 0 8 11 9 25 125 227 370 230 105 22 24 8 13 10 18 10 7 6 11 6 7 11 11 7 10 8 5 3 7 3 3 2 4 4 9 7 0 3 5 3 1 1 0 2 1 0 0 2
0 1 0 5 2 2 4 3 9 4 8 5 6 5 11 14 6 10 13 10 9 7 15 13 13 16 13 12 17 8 14 11 17 14 10 16 8 19 14 42 51 27 20 11 10 7 6 4 7 11 0 2 6 6 9 18 80 174 247 194 84 21 25 24 17 10 10 10 11 12 8 12 12 15 7 3 4 5 5 5 4 2 3 3 1 1 2 4 5 2 3 2 2 1 1 0 0 1 0 0
0 1 0 2 1 4 4 4 5 3 8 3 9 11 8 7 3 8 3 8 14 17 13 25 36 48 31 22 14 14 13 14 10 8 13 13 12 13 9 16 37 27 17 9 11 2 9 4 9 6 1 2 14 6 11 7 42 75 106 67 51 19 32 37 22 12 10 15 11 10 6 6 9 8 8 3 6 6 4 6 7 2 5 1 1 2 6 3 4 1 6 1 1 2 0 0 0 0 0 1
0 1 6 2 1 6 1 1 3 8 7 9 7 9 6 10 8 11 12 7 13 10 14 28 64 75 57 37 17 16 18 18 8 11 12 10 12 15 21 7 10 14 18 11 6 6 3 5 5 12 2 0 5 8 8 6 21 24 20 20 14 18 29 29 35 19 9 8 3 10 4 5 7 5 3 4 3 5 6 2 5 5 2 5 2 0 4 1 2 4 1 2 0 0 0 0 0 0 1 0
0 1 3 1 6 7 2 2 9 7 4 12 6 6 9 12 11 8 10 12 9 13 18 50 77 92 83 46 16 13 14 7 13 8 14 14 10 16 14 10 14 16 15 14 5 7 5 2 7 1 1 2 11 5 11 11 8 6 6 8 5 16 24 29 24 8 13 8 2 10 7 12 3 4 6 6 0 4 4 5 3 3 3 0 1 2 2 3 2 3 0 2 3 3 0 0 0 0 0 0
0 0 1 3 1 2 3 2 5 6 5 8 6 11 9 14 6 7 16 19 12 13 20 32 50 65 60 34 14 16 9 9 10 8 10 12 15 14 14 14 9 11 10 8 15 5 7 5 5 7 2 0 2 7 3 7 5 4 5 4 7 12 10 13 8 11 8 6 5 5 7 6 3 3 3 5 7 1 5 3 2 0 3 0 5 2 1 2 1 5 4 1 0 0 0 0 0 0 0 0
0 0 3 1 1 3 4 3 13 7 7 4 6 12 10 4 10 12 9 4 11 17 17 20 35 39 27 24 14 14 13 12 14 10 9 5 13 10 10 11 15 15 6 17 6 3 6 4 6 3 0 1 7 3 5 4 7 7 5 3 5 2 13 9 4 12 7 9 8 5 4 5 6 2 2 1 4 3 4 2 5 0 4 1 3 3 2 2 2 1 0 1 3 2 1 0 0 0 0 1
1 1 3 0 4 1 5 3 6 10 6 8 6 7 5 7 10 13 8 6 11 16 12 10 19 20 11 13 7 12 12 19 16 11 6 9 15 8 11 12 13 8 10 6 4 6 5 5 3 2 1 0 2 4 2 6 4 5 8 7 5 5 6 3 7 7 9 6 3 5 5 7 3 4 4 3 2 1 4 5 5 2 1 2 2 3 0 1 1 1 3 1 0 4 1 0 1 0 0 0
0 0 3 2 3 2 6 4 9 6 11 9 8 6 7 6 9 10 7 9 9 9 11 13 10 14 10 6 12 20 6 14 10 13 14 9 11 10 9 11 11 11 9 4 5 2 5 5 5 2 2 0 2 4 4 4 3 8 7 8 7 4 7 6 7 5 5 2 5 7 3 1 2 6 4 4 5 4 1 0 2 1 5 3 1 2 1 0 0 1 1 3 2 2 0 0 0 2 0 0
0 0 2 0 2 4 4 3 9 10 13 4 6 9 9 11 7 13 10 6 12 20 11 12 6 11 11 11 16 12 10 9 7 16 12 6 7 13 11 8 16 10 7 8 7 6 4 3 4 2 0 0 8 2 2 3 5 6 2 5 6 6 5 5 5 0 4 3 2 7 2 1 1 1 1 2 2 5 2 5 2 4 3 3 2 2 3 0 1 1 1 3 1 2 0 0 0 0 0 0
1 0 1 3 3 2 4 3 11 7 5 4 6 9 7 7 11 10 11 12 12 8 13 12 9 17 13 5 14 8 7 10 11 9 15 12 13 6 7 8 6 8 6 2 5 5 5 4 6 1 1 2 3 4 2 3 10 25 35 14 10 8 1 6 3 4 5 4 1 2 3 3 4 4 2 4 1 2 5 0 2 2 1 3 6 5 1 1 0 1 3 2 0 3 0 0 0 0 0 0
0 1 3 1 5 3 8 9 17 12 12 4 6 11 3 5 6 9 12 7 16 9 12 7 14 5 10 10 11 18 5 13 12 5 16 13 6 12 11 10 12 5 8 4 2 5 3 5 2 5 0 0 3 2 3 6 18 26 56 27 20 7 7 1 3 5 1 3 5 1 2 2 0 3 4 2 1 3 1 2 2 2 1 1 1 1 1 1 1 3 1 2 1 2 0 0 0 0 0 0
0 0 4 1 1 4 4 5 8 10 14 5 10 5 5 7 9 7 8 8 4 9 10 7 17 9 9 14 9 12 12 7 10 8 6 5 10 10 6 10 9 10 10 6 1 6 2 6 2 2 3 0 4 3 4 8 27 51 94 53 26 7 2 2 2 4 3 1 4 6 1 4 3 1 3 1 2 2 0 2 1 1 1 1 1 1 1 0 0 1 1 2 3 2 0 1 0 1 0 0
0 1 3 2 2 2 4 3 15 7 7 4 7 7 6 9 9 6 9 10 9 9 3 10 7 12 19 10 13 6 13 6 10 7 10 11 5 5 7 7 8 9 6 4 4 4 3 6 10 23 0 1 4 1 2 7 20 37 58 39 14 7 2 3 4 0 4 2 4 2 1 4 0 2 0 1 1 1 3 3 2 1 1 0 0 1 0 0 2 0 1 0 0 1 1 0 1 0 1 0
0 0 1 3 3 3 3 2 13 5 5 10 5 8 8 6 7 9 7 11 9 6 13 13 14 9 8 14 10 10 8 11 11 10 10 12 11 9 8 9 5 6 9 5 2 5 2 6 18 31 3 2 2 1 3 2 10 18 33 15 16 5 1 2 8 1 5 3 3 1 2 1 1 2 0 1 0 4 0 2 1 1 2 1 0 0 0 2 5 0 2 1 1 4 1 1 0 0 0 0
0 0 2 1 2 6 0 3 3 9 3 6 7 9 11 5 6 8 8 7 9 12 12 9 11 8 10 10 9 9 10 11 11 12 5 5 11 14 6 9 9 3 4 8 2 4 3 16 17 26 3 2 4 1 4 3 3 3 4 3 4 1 0 0 3 2 1 3 2 1 1 3 0 3 2 1 1 1 1 0 2 3 1 2 3 2 0 2 1 0 0 1 0 1 0 0 1 0 0 0
0 0 4 3 0 3 0 2 2 5 6 10 4 8 3 7 8 4 9 6 11 5 4 11 14 10 13 9 10 9 12 19 12 7 12 7 9 6 8 6 9 7 11 5 3 4 1 10 18 20 7 4 2 2 2 1 7 3 4 6 2 3 1 1 1 0 3 0 3 0 2 2 3 3 1 1 3 1 0 0 5 3 1 4 2 2 1 0 2 2 1 3 2 1 0 0 1 0 1 0
0 1 2 2 3 0 2 4 4 6 3 4 3 5 5 9 9 10 8 9 14 11 9 5 11 3 14 7 14 11 8 8 13 9 10 3 10 4 5 3 6 8 7 7 2 0 2 3 7 7 1 1 1 2 5 0 0 3 6 2 1 1 1 2 2 1 0 2 5 3 1 0 2 0 1 0 1 0 1 1 2 10 3 5 0 0 0 0 0 2 0 1 3 2 0 0 0 0 0 0
0 1 6 2 5 2 3 1 5 6 3 8 9 8 3 7 8 8 11 8 8 9 17 5 8 6 7 11 13 4 8 9 9 8 9 7 8 6 5 3 3 5 6 3 2 5 2 5 4 2 1 0 1 5 2 0 7 4 1 5 0 3 0 3 0 2 4 0 0 1 1 1 1 2 1 1 2 0 0 1 3 2 1 2 1 1 1 1 4 0 0 0 0 1 0 0 0 1 0 0
1 1 4 2 1 3 0 6 5 5 8 1 5 7 4 3 9 6 7 6 9 8 9 9 15 8 3 8 3 10 13 8 11 9 12 2 9 2 6 7 4 6 6 2 3 7 2 3 3 1 0 0 2 1 1 4 0 4 2 2 3 2 1 0 2 2 0 2 1 3 2 3 1 1 0 2 2 0 1 2 1 2 0 1 2 0 0 1 4 2 2 0 1 2 1 1 0 0 0 0
0 1 4 4 3 0 3 1 3 1 8 7 6 3 5 14 6 4 6 9 6 6 7 9 10 15 5 17 5 8 8 7 12 8 4 9 9 3 7 6 2 2 6 2 0 2 2 1 3 3 0 2 2 2 0 2 4 1 3 2 4 2 1 2 2 0 2 1 3 6 4 5 2 3 0 0 1 2 1 0 1 0 2 1 2 1 0 1 1 0 0 1 0 0 1 0 0 0 1 1
1 1 5 3 9 1 3 4 5 2 6 5 1 8 4 6 4 3 9 7 5 7 7 5 7 7 14 9 7 11 9 9 6 8 8 6 8 5 8 4 6 5 4 3 3 2 1 0 1 3 0 0 1 4 1 1 1 2 0 2 1 2 1 0 1 1 1 1 13 37 29 30 17 3 1 0 1 1 1 0 1 0 1 1 3 1 3 1 0 1 0 1 3 5 0 0 0 0 0 0
0 0 2 1 0 3 4 1 6 2 3 8 4 11 3 3 3 5 7 14 5 4 5 10 7 5 9 10 11 4 11 8 6 6 5 7 5 4 2 5 5 1 3 4 1 0 1 1 3 2 0 0 2 1 3 1 3 3 2 0 0 0 0 3 2 1 3 3 22 51 74 59 28 11 2 0 0 1 1 1 0 1 0 0 3 1 0 1 0 2 3 0 1 0 0 0 0 0 0 0
1 1 5 2 2 1 7 3 6 10 6 4 6 2 5 5 3 7 2 5 6 4 5 6 12 4 9 6 5 10 4 4 6 7 3 7 5 4 4 6 3 3 0 6 4 0 2 2 0 3 0 0 1 2 2 1 2 2 2 2 0 2 0 1 3 1 0 7 38 92 121 72 37 9 5 3 1 0 0 1 2 0 0 2 3 7 5 1 1 1 0 5 0 4 0 1 0 0 0 1
0 0 2 1 6 2 1 1 3 5 3 4 6 5 2 7 7 5 4 4 4 4 8 9 10 5 8 15 9 10 10 6 6 4 3 6 3 6 5 4 6 3 4 4 1 1 2 0 1 2 0 1 2 1 0 1 0 1 0 0 3 0 0 1 0 3 0 1 35 57 76 55 33 19 9 5 2 2 1 0 0 1 4 12 23 28 16 7 2 1 1 1 2 0 1 0 1 0 0 1
1 1 1 1 3 1 2 3 0 6 5 6 4 0 5 5 5 3 6 9 6 9 7 7 5 9 6 5 8 5 4 5 5 2 5 3 6 3 1 5 5 3 3 3 5 0 0 1 3 0 1 0 3 1 5 3 1 3 4 0 1 0 0 1 0 0 2 1 9 24 35 25 21 20 10 4 1 0 0 0 1 1 6 24 39 55 48 23 4 2 1 1 2 1 0 1 0 0 0 0
0 0 3 3 2 2 3 4 5 5 3 4 3 3 8 4 6 4 1 4 2 7 7 7 10 7 5 6 10 3 4 10 3 4 2 1 5 0 3 5 2 3 4 3 1 1 1 1 1 0 0 0 0 2 2 2 1 0 1 1 1 1 0 0 1 1 1 1 4 3 7 7 3 12 5 1 4 1 0 1 0 1 5 37 60 95 70 18 2 1 1 0 0 1 0 0 1 0 0 1
1 0 5 5 2 3 1 5 5 4 6 2 6 3 6 2 2 3 4 6 10 9 3 9 6 2 4 8 1 10 7 7 5 5 6 8 7 2 4 4 2 3 3 1 0 0 0 2 0 4 0 1 1 2 3 1 0 0 1 1 1 1 1 0 0 1 1 0 2 1 3 1 4 8 1 0 4 0 1 1 0 0 4 16 47 68 40 18 2 1 1 1 2 1 0 0 0 0 0 0
1 0 2 1 2 0 3 0 4 4 3 7 4 5 3 4 3 9 4 3 5 6 6 5 5 2 1 4 4 6 4 1 2 4 4 3 3 3 2 0 5 3 6 2 0 1 0 3 0 0 1 0 4 1 1 2 1 0 1 0 2 0 0 1 0 0 0 0 0 2 1 0 0 1 3 2 0 1 0 2 0 1 0 12 14 23 19 11 1 3 0 0 0 3 0 0 0 1 1 1
0 0 3 1 5 2 0 2 2 2 10 2 6 5 7 3 4 3 8 3 4 4 3 5 1 6 3 3 1 5 3 4 2 5 4 3 3 2 3 1 1 3 3 3 1 2 2 1 1 0 0 0 0 1 1 0 1 0 1 1 1 1 0 1 0 0 1 0 0 1 1 0 0 1 0 1 3 0 1 0 0 0 2 3 2 8 3 5 1 0 2 0 1 1 0 0 0 0 0 0
0 2 2 1 2 3 1 0 6 4 5 6 4 3 6 4 4 8 7 4 5 4 13 5 4 5 6 3 7 5 5 6 4 8 3 5 2 5 2 2 4 0 0 2 1 2 2 3 2 2 0 0 1 1 3 1 0 0 1 0 0 1 0 0 1 1 0 2 1 2 1 2 0 1 1 1 0 2 0 2 1 2 0 2 2 1 1 1 0 0 0 0 2 0 1 0 0 1 0 0
1 1 1 0 1 3 3 0 3 3 3 7 6 2 3 5 3 2 1 3 6 6 3 3 6 1 4 6 7 2 5 7 15 26 11 8 1 0 2 1 0 1 3 3 2 2 0 0 0 3 0 0 2 3 0 0 2 1 4 1 0 1 1 1 0 0 0 0 2 0 0 0 1 1 0 1 1 1 2 0 0 0 1 1 0 1 2 2 0 2 0 2 2 0 0 0 0 0 0 0
0 2 2 3 0 1 1 2 0 1 2 0 2 2 3 1 1 0 2 3 1 7 4 4 2 1 1 2 1 1 8 29 55 90 62 24 9 0 1 2 1 1 0 4 0 0 0 0 0 0 0 0 0 0 0 1 0 0 1 0 0 0 0 0 0 0 0 0 1 0 0 1 0 1 0 0 1 0 1 0 0 1 0 0 0 0 0 0 0 0 0 0 0 0 0 0 0 0 0 0
0 1 3 2 1 0 1 3 3 1 0 0 0 2 2 1 2 2 1 4 2 0 2 2 1 1 2 2 2 3 10 70 135 198 146 60 13 4 0 3 0 1 1 1 0 0 1 0 0 1 0 0 0 0 0 0 0 0 0 1 0 0 0 0 0 0 0 0 0 0 0 0 0 0 0 0 0 0 1 2 1 0 1 0 0 0 0 0 0 0 1 1 0 0 0 0 0 0 0 0
2 0 5 4 0 1 1 1 3 2 3 2 1 4 0 3 1 0 1 2 1 1 0 3 1 3 1 0 1 2 20 94 188 295 211 83 9 2 1 1 0 0 0 4 0 0 1 0 0 0 0 0 0 2 1 1 1 0 0 0 1 0 0 0 0 0 0 0 1 0 1 1 0 0 0 0 0 0 2 2 4 2 1 1 1 0 0 0 0 1 1 0 0 1 0 1 0 0 0 0
2 0 0 0 1 0 3 2 2 3 1 2 1 0 1 2 1 1 1 2 0 1 0 4 0 0 2 2 3 3 12 59 113 203 150 56 7 1 2 0 1 1 1 1 0 0 0 0 2 0 0 0 1 0 0 0 0 1 0 0 0 0 1 0 0 0 0 0 0 1 0 0 0 0 0 0 0 0 0 1 1 3 1 0 0 0 0 0 0 1 2 0 0 1 0 0 0 1 1 0
2 0 2 0 1 1 3 1 1 6 3 2 1 0 2 2 3 0 2 1 0 3 2 1 1 3 1 2 1 2 5 25 54 89 79 26 7 0 1 0 1 1 1 0 0 0 0 0 0 0 0 0 0 0 0 0 0 0 0 0 0 0 0 1 0 0 0 0 0 1 0 0 0 0 0 0 0 0 1 0 0 0 0 0 0 0 0 1 0 0 0 0 0 0 0 0 0 0 0 1
0 0 1 0 0 0 0 0 0 1 0 1 0 0 1 0 1 0 1 0 1 1 0 0 0 0 0 0 0 1 0 1 3 3 2 1 0 0 0 0 0 0 0 0 0 0 1 0 0 0 0 1 1 0 0 0 0 0 0 0 0 0 0 1 0 0 0 0 0 1 0 0 0 0 0 0 0 0 1 0 0 0 1 1 0 0 0 0 1 0 0 0 0 1 0 0 0 0 0 0
0 1 0 0 1 0 0 0 1 0 0 0 0 0 0 0 2 0 0 0 0 0 0 0 0 0 2 0 0 1 0 0 0 0 0 1 0 1 1 1 1 0 0 0 0 1 0 0 1 1 0 0 0 0 0 0 0 1 0 0 0 0 0 2 0 0 1 0 0 0 0 0 0 0 0 0 1 0 0 1 0 0 0 1 0 0 0 0 0 0 0 0 1 1 0 0 0 0 0 0
